variable,median,lower,upper,rhat,length,ess_bulk,ess_tail,Pl,Pg
b_Intercept,0.307,0.034,0.77,1.001,2400,2210.14927475693,2069.65452017525,0.972,0.028
b_scaleTot_local_alg,0.735,0.276,1.405,1.001,2400,2200.51987657895,2444.56626663229,0.792,0.208
b_scaleTot_local_coral,1.37,0.71,2.322,1.002,2400,2319.29075489754,2206.84107808462,0.132,0.868
sd_Grazing__Intercept,1.741,1.001,8.812,1.002,2400,1909.87190887464,2109.60928096568,0,1
r_Grazing[No,Intercept],0.79,0.008,1.599,1.002,2400,2278.16978988692,2145.87932363397,0.745,0.255
r_Grazing[Light,Intercept],1.03,0.043,3.53,1.001,2400,2154.79720018097,2113.301218727,0.446,0.554
r_Grazing[Medium,Intercept],0.987,0.02,2.457,1,2400,2228.62817570269,2227.76926506042,0.526,0.474
r_Grazing[Heavy,Intercept],1.221,0.017,5.042,1.001,2400,2252.68076999091,1907.86262534244,0.297,0.703
prior_Intercept,1.747,0,25665917.376,0.999,2400,2485.60599065541,2234.28576019869,0.476,0.524
prior_b,2174638070254192,0,3.24815090365189e+36,1.002,2400,1890.79987759817,2100.47806247173,0.124,0.876
prior_sd_Grazing,10.654,1.004,21123.84,1.002,2400,2273.95647237626,2055.7169222307,0,1
lprior,0,0,0,1,2400,2197.39539267112,2194.42106905917,1,0
lp__,0,0,0,1.001,2400,1958.05662326818,2239.22905006986,1,0
