variable,median,lower,upper,rhat,length,ess_bulk,ess_tail,Pl,Pg
b_Intercept,0.027,0,0.227,1,2400,1907.07456356761,1995.34624169836,0.998,0.002
b_TreatmentNoalgae,4.484,0.051,63.938,1.001,2400,2016.45534989456,1990.16962049802,0.082,0.918
b_TreatmentOnlycanopy,1.528,0.002,26.671,0.999,2400,2053.87545217117,2125.81653083778,0.403,0.597
b_TreatmentOnlymat,7.303,0.229,102.261,1,2400,2056.37834999621,1934.28203801544,0.02,0.98
b_Shannon_broad_cor,92.35,0.001,31791.318,1.001,2400,2205.13419090849,2196.82866908128,0.076,0.924
sd_Grazing__Intercept,1.87,1,10.473,1,2400,1856.26130612076,2178.22651186654,0,1
r_Grazing[No,Intercept],0.755,0.009,1.502,1.002,2400,2112.45963725472,2250.0818616338,0.766,0.234
r_Grazing[Light,Intercept],1.112,0.027,4.639,1.001,2400,2215.52130422892,2209.84242840683,0.378,0.623
r_Grazing[Medium,Intercept],0.977,0.027,2.348,1.001,2400,2366.84724324574,2196.44605536108,0.536,0.464
r_Grazing[Heavy,Intercept],1.141,0.068,4.033,1.001,2400,2298.39689037768,2275.1409196908,0.348,0.652
prior_Intercept,1.122,0,10185211.621,0.999,2400,2406.56766014142,2329.11565216351,0.494,0.506
prior_b,3.772,0,74523898.969,1,2400,2424.42273878591,2129.4795233027,0.442,0.558
prior_sd_Grazing,11.076,1.001,17699.684,1,2400,2208.38198496444,2250.18530113736,0,1
lprior,0,0,0,1,2400,1943.96180886104,2325.47978086228,1,0
lp__,0,0,0,1,2400,1930.83818967781,2128.45919657374,1,0
