variable,median,lower,upper,rhat,length,ess_bulk,ess_tail,Pl,Pg
b_Intercept,0.565,0.087,1.316,1,4500,4075.6258441314,3440.26865554231,0.905,0.095
b_Freq_Sarg_broad,0.958,0.907,0.998,1,4500,4063.83404534195,3748.09561204115,0.992,0.008
sd_Grazing__Intercept,1.578,1,7.311,1,4500,3732.28808433684,3533.36759240699,0,1
r_Grazing[No,Intercept],0.863,0.059,1.537,1,4500,3816.6396592496,3073.41441812231,0.702,0.298
r_Grazing[Light,Intercept],1.036,0.026,2.926,1.001,4500,3391.15193535861,3720.19526187704,0.438,0.562
r_Grazing[Medium,Intercept],1.006,0.062,2.497,1.001,4500,3871.18939342865,3407.65008758092,0.482,0.518
r_Grazing[Heavy,Intercept],1.069,0.004,3.063,1,4500,3821.91518151414,3130.36238097065,0.386,0.614
prior_Intercept,1.726,0,22753326.773,1,4500,4281.30169349071,3996.17051128709,0.477,0.523
prior_b,718390627.641,0,3.81550731122659e+29,1,4500,3890.90620864468,4243.30135805921,0.252,0.748
prior_sd_Grazing,9.95,1.002,17703.791,1,4500,4520.53946666644,4053.38564516699,0,1
lprior,0,0,0,1,4500,3644.49178982922,3557.50482302431,1,0
lp__,0,0,0,1,4500,3746.82057051376,3846.46088749376,1,0
