variable,median,lower,upper,rhat,length,ess_bulk,ess_tail,Pl,Pg
b_Intercept,0.536,0.077,1.351,1.001,4500,3893.57990871136,3629.80607731583,0.903,0.097
b_Freq_Sarg_local,0.985,0.966,1.002,1,4500,4380.95220996584,4316.22698822497,0.969,0.031
sd_Grazing__Intercept,1.653,1,6.65,1.001,4500,3297.8773737859,3074.10166819238,0,1
r_Grazing[No,Intercept],0.805,0.053,1.417,1.001,4500,3929.75691797271,3627.28340950515,0.753,0.247
r_Grazing[Light,Intercept],1.041,0.011,2.909,1.001,4500,4222.47489352129,3160.34555932851,0.432,0.568
r_Grazing[Medium,Intercept],1.008,0.133,2.405,1.001,4500,4007.8409166045,3499.12453253494,0.479,0.521
r_Grazing[Heavy,Intercept],1.082,0.146,3.11,1.001,4500,4115.01451448036,3994.57031612164,0.384,0.616
prior_Intercept,1.678,0,249.591,1.001,4500,4320.21636354496,4564.68626825086,0.431,0.569
prior_b,3177986067278956,0,5.86490929218926e+47,1,4500,4286.85087983385,4508.34005198176,0.22,0.78
prior_sd_Grazing,10.385,1,14337.108,1,4500,4623.78027692718,4599.75123832188,0,1
lprior,0,0,0,1.001,4500,3781.80275299817,3455.66643856701,1,0
lp__,0,0,0,1.001,4500,3875.38557582358,4195.52488808138,1,0
