variable,median,lower,upper,rhat,length,ess_bulk,ess_tail,Pl,Pg
b_Intercept,0.113,0,1.116,1.001,2250,2070.528031278,2108.1227254765,0.944,0.056
b_TreatmentNoalgae,0.557,0.002,14.657,1.001,2250,2140.53085024012,1703.52144441035,0.626,0.374
b_TreatmentOnlycanopy,0.45,0,13.077,0.999,2250,2103.65181292146,2164.74397553983,0.668,0.332
b_TreatmentOnlymat,7.214,0.144,154.122,1.001,2250,2137.37649512774,2036.51883760963,0.04,0.96
b_scaleR_broad_alg,0.211,0.005,0.7,0.999,2250,2111.11781916679,2102.74647648779,0.985,0.015
b_scaleShannon_broad_cor,1.945,0.821,4.347,1.001,2250,2187.33812746629,2019.47264913533,0.027,0.973
sd_Grazing__Intercept,3.585,1.003,138.962,1,2250,1949.47088054702,1920.55258005239,0,1
r_Grazing[No,Intercept],0.45,0,1.886,1.002,2250,2202.85970267136,1968.14372391332,0.835,0.165
r_Grazing[Light,Intercept],1.291,0.001,12.625,1.001,2250,2431.52077975483,2094.2196109021,0.365,0.635
r_Grazing[Medium,Intercept],0.829,0,4.114,1,2250,2156.52236648091,2142.72175542172,0.609,0.391
r_Grazing[Heavy,Intercept],2.067,0.002,24.188,0.999,2250,1998.36837770962,2166.86950981613,0.195,0.805
prior_Intercept,2.234,0,16856682.4,1,2250,2274.02222961893,2247.82090988368,0.47,0.53
prior_b,1603381.025,0,6.61484538691762e+20,1,2250,2537.66948185698,2279.61910883317,0.228,0.772
prior_sd_Grazing,2236.454,1.008,283001352060571,1.001,2250,2205.00890569387,2285.13367568738,0,1
lprior,0,0,0,1,2250,2028.48447715904,1978.20550174937,1,0
lp__,0,0,0,0.999,2250,2162.29867524684,2324.77661018028,1,0
