variable,median,lower,upper,rhat,length,ess_bulk,ess_tail,Pl,Pg
b_Intercept,0.079,0,0.385,1.002,2400,1999.20185941991,2145.44062866009,0.996,0.004
b_TreatmentNoalgae,5.14,0.161,61.303,1,2400,2086.17736627883,2097.26973337955,0.053,0.947
b_TreatmentOnlycanopy,1.465,0.002,25.783,1,2400,2007.95706794891,2251.40184316053,0.4,0.6
b_TreatmentOnlymat,8.937,0.39,100.691,1,2400,2049.60462095982,2236.88193422368,0.011,0.989
sd_Grazing__Intercept,1.611,1.001,6.62,1,2400,1992.81185431511,2202.6502458486,0,1
r_Grazing[No,Intercept],0.86,0.057,1.57,1.001,2400,2269.4888664262,2325.95581827542,0.7,0.3
r_Grazing[Light,Intercept],1.066,0.067,3.655,1,2400,2329.96137934938,2145.24593793299,0.403,0.597
r_Grazing[Medium,Intercept],1.005,0.119,2.297,1,2400,2314.99487386074,2367.59540039527,0.486,0.514
r_Grazing[Heavy,Intercept],1.049,0.101,2.761,1,2400,2388.23918538305,2287.89565086375,0.417,0.583
prior_Intercept,1.97,0,6034.514,1.001,2400,2496.38589913849,2179.26359142827,0.45,0.55
prior_b,0.978,0,21241483.071,1.003,2400,2534.54808371922,2345.95530092479,0.501,0.499
prior_sd_Grazing,10.449,1.002,8141.767,1.001,2400,2201.20853760274,2370.26006262216,0,1
lprior,0,0,0,1,2400,1727.1537894929,1983.91508590212,1,0
lp__,0,0,0,1.002,2400,2072.19533603983,2181.28124759984,1,0
