variable,median,lower,upper,rhat,length,ess_bulk,ess_tail,Pl,Pg
b_Intercept,0.245,0.03,0.636,1,2400,2252.59936919007,2110.44614705558,0.983,0.017
b_scaleH_mean_broad,0.411,0.032,0.912,1.002,2400,2568.29171732872,2364.15466262231,0.964,0.036
b_scaleR_broad_alg,0.729,0.246,1.36,1,2400,2444.00167734829,2145.96435777602,0.791,0.209
b_scaleR_broad_coral,1.122,0.599,1.774,1,2400,2525.17881229095,2290.06196817585,0.325,0.675
sd_Turf_height__Intercept,1.6,1.001,8.009,0.999,2400,1936.69307587809,2073.10893579315,0,1
r_Turf_height[No,Intercept],1.053,0.005,4.095,1,2400,2342.31502648511,2311.23924345373,0.404,0.596
r_Turf_height[Low,Intercept],0.895,0.062,1.68,1.001,2400,2286.68757912111,2060.76237597758,0.659,0.341
r_Turf_height[Medium,Intercept],0.982,0.006,2.153,1.002,2400,2196.6993931264,2141.71845614288,0.543,0.457
r_Turf_height[High,Intercept],1.071,0.056,2.941,1.002,2400,2304.82631094279,2008.76438750811,0.387,0.613
prior_Intercept,1.67,0,5951.566,1,2400,2253.70732136394,2289.57586598707,0.45,0.55
prior_b,122.513,0,3145793.083,1,2400,2248.25183562095,2213.90554787438,0.22,0.78
prior_sd_Turf_height,10.848,1,18249.66,1.002,2400,2190.9916179865,2267.14698868765,0,1
lprior,0,0,0,1.001,2400,2435.45506293773,2144.89454967721,1,0
lp__,0,0,0,1,2400,2050.21144943941,2314.72427908076,1,0
