variable,median,lower,upper,rhat,length,ess_bulk,ess_tail,Pl,Pg
b_Intercept,0.592,0.124,1.301,1.002,2400,1926.84643784914,2057.6602911068,0.897,0.102
b_H_mean_local,0.845,0.678,0.976,1.001,2400,2302.15205301165,2327.38385985756,0.996,0.004
sd_Grazing__Intercept,1.569,1.001,6.11,1,2400,1981.62740896544,1907.89509994203,0,1
r_Grazing[No,Intercept],0.87,0.063,1.57,1.003,2400,2036.8389616616,1956.5615984099,0.695,0.305
r_Grazing[Light,Intercept],1.024,0.124,2.873,1,2400,2167.48646712197,2027.18390749376,0.452,0.548
r_Grazing[Medium,Intercept],1.005,0.111,2.32,1.001,2400,2294.9905915145,1932.23109312972,0.486,0.514
r_Grazing[Heavy,Intercept],1.059,0.099,2.792,1.003,2400,2200.03591361552,2178.43276514972,0.406,0.594
prior_Intercept,1.741,0,7694.243,1,2400,2272.03860682768,2273.99237361536,0.458,0.542
prior_b,454.282,0,191218618.98,1,2400,2295.10544126926,2368.01892823267,0.228,0.772
prior_sd_Grazing,9.932,1.003,20913.177,1,2400,2475.50748937864,2033.82105049351,0,1
lprior,0.001,0.001,0.001,1.001,2400,2171.74002138399,1886.78202969883,1,0
lp__,0,0,0,1,2400,1974.7825799827,2098.6531524534,1,0
