variable,median,lower,upper,rhat,length,ess_bulk,ess_tail,Pl,Pg
b_Intercept,0.609,0.021,1.685,1.001,2400,2026.97270355668,1696.74049604031,0.85,0.15
b_D_broad,0.185,0.005,0.617,1.002,2400,2230.86507152779,1899.71976643508,0.99,0.01
sd_Turf_height__Intercept,1.852,1.001,10.512,1,2400,1918.4593260068,2214.66044500299,0,1
r_Turf_height[No,Intercept],1.114,0.034,5.452,1.001,2400,2014.96297639561,1988.92577911151,0.364,0.636
r_Turf_height[Low,Intercept],0.769,0.008,1.525,1,2400,2118.66014232059,1802.45020182097,0.757,0.243
r_Turf_height[Medium,Intercept],0.986,0.052,2.564,1,2400,1745.11110843112,1885.87823069349,0.528,0.472
r_Turf_height[High,Intercept],1.109,0.015,3.302,1.001,2400,1739.72639953621,1732.86661499009,0.374,0.626
prior_Intercept,3.128,0,731903998348251,1,2400,1988.99765237156,2381.85552739102,0.471,0.529
prior_b,2.619,0,415.911,0.999,2400,2385.84533140205,2308.71396879679,0.363,0.637
prior_sd_Turf_height,9.021,1.001,10698.672,1,2400,2688.17890456596,2341.75417869221,0,1
lprior,0,0,0.001,1.001,2400,2154.59991244301,1768.89537560329,1,0
lp__,0,0,0,1.003,2400,1945.65728893146,2251.22281192997,1,0
