variable,median,lower,upper,rhat,length,ess_bulk,ess_tail,Pl,Pg
b_Intercept,0.332,0.011,0.872,1.001,2400,1859.51438771343,1835.09538990257,0.96,0.04
b_scaleR_broad_alg,0.611,0.201,1.108,0.999,2400,2187.8933359896,2164.99334441186,0.92,0.08
b_scaleR_broad_coral,1.3,0.619,2.101,1.001,2400,2004.32290127522,2029.05709300399,0.185,0.815
sd_Grazing__Intercept,1.988,1.001,10.763,1.001,2400,1542.41852611164,2030.43217949526,0,1
r_Grazing[No,Intercept],0.72,0.017,1.64,1,2400,1979.91260236377,2008.93179618862,0.785,0.215
r_Grazing[Light,Intercept],0.955,0.015,2.625,1.001,2400,1864.06309145954,2114.06224557773,0.565,0.435
r_Grazing[Medium,Intercept],1.055,0.03,3.534,1.001,2400,2134.30381731217,1980.74209166876,0.433,0.567
r_Grazing[Heavy,Intercept],1.341,0.093,6.554,1.001,2400,1891.54379276078,1988.01858302242,0.254,0.746
prior_Intercept,1.912,0,27905085.444,1,2400,2161.07180840748,2070.55922777259,0.474,0.526
prior_b,7.281,0,1036.353,1.001,2400,2474.68045631083,2410.32566004607,0.258,0.743
prior_sd_Grazing,12.1,1.002,12286.9,1,2400,2294.36290688323,2124.08668904121,0,1
lprior,0,0,0,1.001,2400,2063.90938645825,1875.52190253789,1,0
lp__,0,0,0,1.001,2400,1776.46440686255,2186.59065819991,1,0
