variable,median,lower,upper,rhat,length,ess_bulk,ess_tail,Pl,Pg
b_Intercept,0.322,0.028,0.863,1,2400,2180.25993900262,2075.37991065945,0.963,0.037
b_scaleR_local_alg,0.706,0.246,1.292,1.001,2400,2304.24233381044,2146.06345296679,0.833,0.167
b_scaleR_local_coral,1.486,0.746,2.36,0.999,2400,2274.14071704537,2249.99801930865,0.075,0.925
sd_Grazing__Intercept,1.87,1.001,9.013,1.005,2400,1992.35507332056,1993.97008317476,0,1
r_Grazing[No,Intercept],0.736,0.003,1.457,1,2400,2148.32220805811,2158.29552199141,0.777,0.223
r_Grazing[Light,Intercept],0.999,0.025,2.741,1.002,2400,1967.7440413789,2231.08845877089,0.5,0.5
r_Grazing[Medium,Intercept],1.005,0.04,2.535,1.002,2400,2116.88429230278,2080.69673836951,0.489,0.511
r_Grazing[Heavy,Intercept],1.227,0.035,4.655,1.002,2400,2131.57627091218,2138.16827299908,0.295,0.705
prior_Intercept,2.313,0,28749675.129,0.999,2400,2501.4934097472,2059.00908103039,0.467,0.533
prior_b,6.348,0,948.171,1.001,2400,2337.15517720559,2153.42170472274,0.269,0.731
prior_sd_Grazing,9.533,1.001,15453.795,1,2400,2469.07325544872,2249.71814609252,0,1
lprior,0,0,0,1.002,2400,2069.48693951216,1912.51370719624,1,0
lp__,0,0,0,1,2400,2032.16619855186,2063.67654644033,1,0
