variable,median,lower,upper,rhat,length,ess_bulk,ess_tail,Pl,Pg
b_Intercept,0.304,0.012,0.954,1.001,2400,2103.82334082455,2017.8942875865,0.957,0.043
b_scaleShannon_broad_alg,0.721,0.297,1.307,1,2400,2239.46026626671,2216.00065467447,0.821,0.179
b_scaleShannon_broad_cor,1.747,0.739,3.242,1.001,2400,2269.01644541223,2327.51667327976,0.04,0.96
sd_Grazing__Intercept,1.975,1.001,12.072,1.002,2400,1826.49416718972,1936.08955025832,0,1
r_Grazing[No,Intercept],0.702,0.023,1.523,1.001,2400,2127.45991177923,1924.35008384945,0.795,0.205
r_Grazing[Light,Intercept],0.973,0.005,2.583,1,2400,2301.75135347828,1981.91048819038,0.543,0.457
r_Grazing[Medium,Intercept],0.999,0.006,2.818,1.001,2400,2181.45795103969,2147.40042150712,0.502,0.498
r_Grazing[Heavy,Intercept],1.344,0.007,6.154,1,2400,2354.18502756028,2192.62107384815,0.26,0.74
prior_Intercept,1.301,0,26325547.677,1,2400,2503.35351308465,2353.77854430399,0.487,0.513
prior_b,2.747,0.002,77.189,0.999,2400,2451.97174169002,2193.24410078097,0.307,0.693
prior_sd_Grazing,11.612,1.001,15280.721,1.001,2400,2358.76147785862,2369.19981940372,0,1
lprior,0,0,0,1.002,2400,2046.49331698004,1995.66451017373,1,0
lp__,0,0,0,1.001,2400,1982.99126725485,2144.65240850604,1,0
