variable,median,lower,upper,rhat,length,ess_bulk,ess_tail,Pl,Pg
b_Intercept,0.319,0.018,0.845,1,2400,2240.72727417206,2020.09031992275,0.968,0.032
b_scaleShannon_local_alg,0.803,0.325,1.454,1,2400,2325.17946891388,2136.44732457068,0.729,0.271
b_scaleShannon_local_cor,1.489,0.713,2.651,1.002,2400,2351.77449700508,2288.03543419128,0.091,0.909
sd_Grazing__Intercept,1.811,1.001,10.623,1.001,2400,1996.92268369297,2280.5054511917,0,1
r_Grazing[No,Intercept],0.791,0.005,1.531,1,2400,2273.48438282967,2135.78825606943,0.756,0.244
r_Grazing[Light,Intercept],1.04,0.02,3.474,1.001,2400,2317.66329231125,1971.91685549522,0.448,0.552
r_Grazing[Medium,Intercept],0.973,0.007,2.443,1,2400,2355.14787055624,2167.21055615238,0.547,0.453
r_Grazing[Heavy,Intercept],1.262,0.152,4.903,1,2400,2227.59987239784,2022.2808575893,0.278,0.722
prior_Intercept,1.213,0,10101409.114,1,2400,2411.5491687183,2409.00832811861,0.494,0.506
prior_b,2.808,0.003,81.785,0.999,2400,2382.51681922928,2293.27115013258,0.286,0.714
prior_sd_Grazing,9.883,1.004,9495.712,1.001,2400,2449.53003682748,2087.70609324989,0,1
lprior,0,0,0,1,2400,2298.79786120642,2328.5692831351,1,0
lp__,0,0,0,1,2400,2027.03667970317,2145.18330094034,1,0
