variable,median,lower,upper,rhat,length,ess_bulk,ess_tail,Pl,Pg
b_Intercept,0.307,0.013,0.774,0.999,2400,2119.33873614936,1903.87876278404,0.97,0.03
b_scaleTot_broad_alg,0.624,0.186,1.247,1,2400,2137.30962510641,2054.38378922418,0.874,0.126
b_scaleTot_broad_coral,1.408,0.668,2.442,1,2400,2045.05295839625,2267.99601807691,0.142,0.858
sd_Grazing__Intercept,1.804,1.001,7.954,1,2400,1917.03602073409,2085.51891563698,0,1
r_Grazing[No,Intercept],0.776,0.026,1.522,0.999,2400,2001.47135210375,1837.06320260688,0.768,0.232
r_Grazing[Light,Intercept],1.003,0.065,2.653,0.999,2400,2188.74271895249,2089.57893088483,0.493,0.507
r_Grazing[Medium,Intercept],1.009,0.037,2.671,1,2400,2176.60530003941,1931.05604984358,0.483,0.517
r_Grazing[Heavy,Intercept],1.222,0.162,5.073,0.999,2400,2185.89993068654,2141.82044671956,0.299,0.701
prior_Intercept,1.2,0,13318839.499,1.001,2400,2440.94139441966,2303.26115091802,0.496,0.504
prior_b,663133655082059,0,7.02969444084121e+36,1,2400,2212.9242168758,2394.60605510844,0.117,0.883
prior_sd_Grazing,9.712,1,10893.732,1,2400,2342.13957388771,2333.87251736645,0,1
lprior,0,0,0,0.999,2400,2260.97185432868,2150.54215456941,1,0
lp__,0,0,0,1,2400,2157.23993674694,2095.47490756017,1,0
