variable,median,lower,upper,rhat,length,ess_bulk,ess_tail,Pl,Pg
b_Intercept,-0.04,-0.281,0.147,1,2400,1961.74972070362,2049.48500967442,1,0
b_Height,0.403,0.238,0.578,1,2400,2232.03584969599,2366.5554646738,1,0
sd_Taxa__Intercept,0.147,0.034,0.35,1,2400,1780.7570453829,2110.1711971825,1,0
sigma,0.212,0.182,0.246,1.001,2400,2474.01756449376,2214.22822241124,1,0
r_Taxa[Acropora,Intercept],0.033,-0.112,0.228,1,2400,1747.19198426379,1672.71058785017,1,0
r_Taxa[Coeloseris,Intercept],-0.151,-0.467,0.088,1.001,2400,2124.92045243075,1925.58234943501,1,0
r_Taxa[Galaxea,Intercept],-0.004,-0.264,0.277,1.001,2400,1948.79380827822,2065.10172967012,1,0
r_Taxa[Goniastrea,Intercept],0.008,-0.204,0.207,0.999,2400,2163.79971394424,2238.97910807597,1,0
r_Taxa[Goniopora,Intercept],0.004,-0.285,0.258,1.002,2400,2058.19420738894,2293.05191123143,1,0
r_Taxa[Hydnophora,Intercept],0.025,-0.225,0.315,1.001,2400,2317.67549985491,2198.44898171545,1,0
r_Taxa[Montipora,Intercept],0.169,0.014,0.353,1,2400,1727.64594077821,1632.69533850207,1,0
r_Taxa[Porites,Intercept],-0.08,-0.379,0.167,1,2400,2243.58952357986,2268.91487145826,1,0
r_Taxa[TurbinariaC,Intercept],0.008,-0.182,0.256,1.001,2400,2198.85519660286,2111.14470106873,1,0
prior_Intercept,1.11,-9.657,10.24,0.999,2400,2361.45786842091,2134.29531479729,0.49,0.51
prior_b,1.077,-9.025,10.721,1.001,2400,2318.38608863541,2303.55287347141,0.493,0.507
prior_sigma,1.9,0.001,7.978,1,2400,2347.6175802196,2189.76487307419,0.275,0.725
prior_sd_Taxa,2.281,0.001,10.05,1,2400,2328.74486405863,2172.14227037706,0.239,0.761
lprior,-7.713,-7.723,-7.708,1.001,2400,1721.28280197283,1986.95338152222,1,0
lp__,-10.228,-17.215,-4.217,1,2400,1848.22223280667,1968.12466956627,1,0
