variable,median,lower,upper,rhat,length,ess_bulk,ess_tail,Pl,Pg
b_Intercept,0.698,0.003,3.17,0.999,1200,1069.46419917036,1006.26239266461,0.703,0.297
b_zi_Intercept,0.417,0.002,1.368,1.002,1200,1162.09321210607,1040.67945891091,0.875,0.125
b_TreatmentT2,0.236,0,2.144,0.999,1200,1139.27399172277,1155.05567789019,0.853,0.147
b_TreatmentT3,1.431,0.165,4.089,1,1200,1201.61211351601,1147.59943533321,0.281,0.719
b_TreatmentT4,0.181,0,1.11,0.999,1200,1143.21123668588,1207.04494297325,0.939,0.061
sd_Turf_height__Intercept,1.817,1,16.048,0.999,1200,1033.82851313385,1051.94996409061,0,1
r_Turf_height[No,Intercept],1.111,0.002,13.158,1.001,1200,1008.78068226816,986.155163945014,0.376,0.624
r_Turf_height[Low,Intercept],0.844,0.002,1.887,1.001,1200,1094.94348879209,994.182133140962,0.693,0.307
r_Turf_height[Medium,Intercept],0.998,0.004,2.686,1,1200,1100.15738969216,1074.60919333872,0.507,0.493
r_Turf_height[High,Intercept],1.051,0.01,3.489,1.001,1200,1065.46755900683,1092.74545627476,0.425,0.575
prior_Intercept,1.587,0,8644.874,1.001,1200,1152.37123789761,1194.48367203129,0.462,0.538
prior_b,1.095,0,15836630.069,1.001,1200,1319.61281579329,1191.70571052976,0.497,0.503
prior_Intercept_zi,1.007,0.001,20.284,0.999,1200,1192.89417548173,1093.40975205322,0.498,0.502
prior_sd_Turf_height,10.465,1.001,16002.133,1.002,1200,1343.43712907183,1170.6567963215,0,1
lprior,0,0,0,0.999,1200,1081.30637122074,981.555949154576,1,0
lp__,0,0,0,1,1200,1196.76441649737,1169.39285689392,1,0
