variable,median,lower,upper,rhat,length,ess_bulk,ess_tail,Pl,Pg
b_Intercept,1.509,0.045,7.528,1,1200,1222.00804612894,1098.51763872583,0.317,0.683
b_zi_Intercept,0.278,0,1.174,1.002,1200,1225.85004490948,1129.1971004084,0.923,0.077
b_logH_mean_broadP2.2,0.378,0.072,0.9,0.999,1200,1309.04086353363,1207.16715800859,0.979,0.021
sd_Turf_height__Intercept,1.728,1.001,10.154,1.002,1200,1267.02329771415,1164.89455433293,0,1
sd_Turf_height:Tile__Intercept,1.711,1,4.816,1.001,1200,1239.3404836663,1158.58418789282,0,1
r_Turf_height[No,Intercept],1.08,0.029,5.25,1.001,1200,1185.88377405456,1175.36291219541,0.399,0.601
r_Turf_height[Low,Intercept],0.889,0.009,1.804,1.002,1200,1120.94565131007,1110.70964226772,0.672,0.328
r_Turf_height[Medium,Intercept],0.987,0.035,2.587,1.002,1200,1183.5375515475,1120.77811951504,0.527,0.473
r_Turf_height[High,Intercept],1.037,0.097,3.167,1,1200,1234.35000515611,1151.69887335037,0.437,0.563
r_Turf_height:Tile[High_721,Intercept],1.179,0.194,5.122,0.999,1200,1181.22559564511,1143.31777369127,0.31,0.69
r_Turf_height:Tile[High_724,Intercept],1.197,0.174,4.538,1.005,1200,1077.73927124048,1108.00048837294,0.298,0.702
r_Turf_height:Tile[High_755,Intercept],0.977,0.003,2.478,0.999,1200,1041.07498850611,818.064634669102,0.542,0.458
r_Turf_height:Tile[High_759,Intercept],0.968,0.004,2.338,1,1200,1259.25833420116,1117.9705695709,0.559,0.441
r_Turf_height:Tile[High_764,Intercept],1.023,0.154,3.349,1.002,1200,1252.81790961607,962.75622236159,0.451,0.549
r_Turf_height:Tile[High_770,Intercept],1.01,0.096,3.033,1,1200,969.352165132707,1132.2130402898,0.471,0.529
r_Turf_height:Tile[High_773,Intercept],0.953,0.051,2.356,0.999,1200,1282.86033499813,1082.56184832875,0.574,0.426
r_Turf_height:Tile[High_792,Intercept],0.971,0,2.705,0.999,1200,956.835479380193,1061.17326670602,0.552,0.448
r_Turf_height:Tile[Low_716,Intercept],1.176,0.192,9.639,1,1200,1233.65125603196,1163.93466413676,0.308,0.693
r_Turf_height:Tile[Low_717,Intercept],0.952,0.004,2.422,1.001,1200,1248.58141035684,1065.86654757522,0.589,0.411
r_Turf_height:Tile[Low_718,Intercept],0.969,0.006,2.63,1,1200,1236.22947815089,1094.31338911416,0.562,0.438
r_Turf_height:Tile[Low_719,Intercept],1.052,0.085,3.478,1.001,1200,1135.46337336709,1169.62952965026,0.418,0.583
r_Turf_height:Tile[Low_722,Intercept],0.955,0.005,2.344,0.999,1200,1131.78172969295,1155.67019095163,0.574,0.426
r_Turf_height:Tile[Low_762,Intercept],0.961,0.01,2.332,0.999,1200,982.163051810605,1255.06102898857,0.567,0.433
r_Turf_height:Tile[Low_768,Intercept],0.987,0.037,3.152,1,1200,1249.39745902587,1302.72688956973,0.522,0.478
r_Turf_height:Tile[Low_769,Intercept],0.999,0.007,3.063,1,1200,1188.383951707,1057.62101232237,0.503,0.497
r_Turf_height:Tile[Low_771,Intercept],0.96,0.01,2.515,0.999,1200,1161.90156955953,1010.98994442218,0.557,0.443
r_Turf_height:Tile[Low_774,Intercept],0.949,0.01,2.41,1.004,1200,1177.52465742979,1209.38276398273,0.587,0.413
r_Turf_height:Tile[Low_775,Intercept],0.995,0.005,3.373,1.003,1200,966.742463640324,1149.033547128,0.512,0.488
r_Turf_height:Tile[Low_793,Intercept],1.035,0.14,3.871,0.999,1200,1112.05100066628,1051.22282650221,0.433,0.567
r_Turf_height:Tile[Medium_715,Intercept],0.947,0.006,2.315,1,1200,1172.77800552017,1211.44612416879,0.583,0.418
r_Turf_height:Tile[Medium_720,Intercept],0.943,0.008,2.396,1.002,1200,1256.72095013183,1166.32582759686,0.599,0.401
r_Turf_height:Tile[Medium_723,Intercept],0.997,0.023,3.519,0.999,1200,1141.78892949446,1094.00165230256,0.51,0.49
r_Turf_height:Tile[Medium_756,Intercept],0.971,0.009,2.849,0.998,1200,1231.99424950152,1210.24122084195,0.558,0.442
r_Turf_height:Tile[Medium_757,Intercept],0.986,0,3.359,1,1200,1112.64508157571,1253.71170270175,0.535,0.465
r_Turf_height:Tile[Medium_760,Intercept],0.985,0.022,2.658,1,1200,1128.76145331755,1131.41398917657,0.537,0.463
r_Turf_height:Tile[Medium_761,Intercept],1.432,0.51,10.234,1.001,1200,1281.02701979526,1168.58375415794,0.202,0.797
r_Turf_height:Tile[Medium_766,Intercept],0.994,0.009,3.328,1.001,1200,1101.22862674039,1183.73117456926,0.507,0.492
r_Turf_height:Tile[Medium_795,Intercept],1.028,0.083,3.15,1,1200,1400.2220735663,1254.12931537027,0.439,0.561
r_Turf_height:Tile[Medium_797,Intercept],0.993,0.008,3.247,1,1200,1144.79987010571,979.273948995551,0.517,0.482
r_Turf_height:Tile[Medium_799,Intercept],0.954,0.04,2.192,0.999,1200,1178.52712797591,1168.91994777664,0.588,0.412
r_Turf_height:Tile[No_763,Intercept],1.115,0.109,5.04,1.002,1200,1153.44293888842,1128.85493426631,0.358,0.642
r_Turf_height:Tile[No_796,Intercept],0.997,0.004,3.179,1.001,1200,1153.45550361732,1147.19022143422,0.506,0.494
prior_Intercept,1.757,0,3980.839,1,1200,1095.0636580857,1211.44612416879,0.471,0.529
prior_b,0.827,0,492530.277,1,1200,1248.03037863334,1231.47737121165,0.512,0.488
prior_Intercept_zi,1.021,0,23.252,1,1200,1225.73750474279,1113.01862083027,0.492,0.508
prior_sd_Turf_height,9.171,1.003,19258.726,1,1200,1142.34607906339,1301.49165915629,0,1
prior_sd_Turf_height:Tile,8.414,1.001,29921.524,1.002,1200,1260.821800577,1210.67113248539,0,1
lprior,0,0,0,1.002,1200,1244.85847028528,968.458385187013,1,0
lp__,0,0,0,0.999,1200,1200.49080651395,1130.5442835999,1,0
