variable,median,lower,upper,rhat,length,ess_bulk,ess_tail,Pl,Pg
b_Intercept,0.873,0.025,2.081,1,2400,2222.31461144857,2110.20534251255,0.626,0.374
b_zi_Intercept,0.346,0,1.308,1,2400,2087.55388084387,2173.32620234535,0.895,0.105
b_H_mean_local,0.832,0.654,0.983,1,2400,2213.77833990291,2329.50615494817,0.991,0.009
sd_Turf_height__Intercept,1.64,1.001,8.26,1,2400,1929.17041404885,2128.21903535938,0,1
r_Turf_height[No,Intercept],1.039,0.009,4.527,1,2400,1912.48092623889,2145.0232776686,0.423,0.577
r_Turf_height[Low,Intercept],0.864,0.018,1.604,1,2400,2313.6064662323,2057.42776337111,0.696,0.304
r_Turf_height[Medium,Intercept],1.001,0.038,2.399,1,2400,2229.14324913957,2111.01263559454,0.497,0.503
r_Turf_height[High,Intercept],1.051,0.125,2.939,1.002,2400,2143.25176651911,2164.31762278678,0.39,0.61
prior_Intercept,1.712,0,5902.18,1,2400,2641.21764694129,2394.41585047893,0.455,0.545
prior_b,354.93,0,224607853.097,1.001,2400,2460.10242584827,2306.97574018598,0.238,0.762
prior_Intercept_zi,1.064,0,22.241,1.001,2400,2343.21526181401,2341.27312279415,0.482,0.517
prior_sd_Turf_height,9.329,1,15186.089,1,2400,2279.42921312268,2092.22724843968,0,1
lprior,0,0,0,1,2400,2005.26274677233,2214.07216431531,1,0
lp__,0,0,0,1,2400,2135.21285332564,2290.66068349868,1,0
