variable,median,lower,upper,rhat,length,ess_bulk,ess_tail,Pl,Pg
b_Intercept,0.838,0.018,2.35,1.001,2400,2126.06280669573,1904.41390515183,0.635,0.365
b_zi_Intercept,0.35,0,1.276,0.999,2400,2274.5424585408,2251.13162393484,0.885,0.115
b_D_broad,0.194,0.006,0.769,1.001,2400,2445.66750347541,2099.91887632191,0.976,0.024
sd_Turf_height__Intercept,1.76,1.001,11.47,1,2400,1924.15726202793,2112.44991445934,0,1
r_Turf_height[No,Intercept],1.108,0.025,6.907,1.002,2400,2017.02776719403,1949.16729340588,0.376,0.624
r_Turf_height[Low,Intercept],0.809,0.011,1.639,1,2400,2117.82920110461,2033.8406391466,0.717,0.283
r_Turf_height[Medium,Intercept],1.002,0.021,2.701,1,2400,1929.09472029189,2032.29169414706,0.495,0.505
r_Turf_height[High,Intercept],1.06,0.058,3.377,1.001,2400,2124.72526908035,2069.21938769522,0.404,0.596
prior_Intercept,3.585,0,259455331479538,0.999,2400,2335.35080334847,2362.85610114447,0.47,0.53
prior_b,2.397,0,319.263,1.001,2400,2551.16090167397,2479.6061080076,0.382,0.618
prior_Intercept_zi,0.99,0,22.684,1,2400,2151.23806083099,2254.51243680201,0.502,0.498
prior_sd_Turf_height,9.008,1.002,10343.936,1.001,2400,2338.17981582129,2197.43097326458,0,1
lprior,0,0,0,1.001,2400,2214.37316420883,2299.65798704617,1,0
lp__,0,0,0,1,2400,2015.17090924962,2128.84504760745,1,0
