variable,median,lower,upper,rhat,length,ess_bulk,ess_tail,Pl,Pg
b_Intercept,0.44,0.008,1.265,1.001,2400,2083.08364765183,2366.1021653091,0.913,0.087
b_zi_Intercept,0.318,0,1.172,1,2400,2127.48991467095,2173.55731455324,0.917,0.082
b_scaleShannon_local_cor,1.281,0.651,2.282,1,2400,2334.30280609864,2410.00275720922,0.206,0.794
b_scaleShannon_local_alg,0.688,0.241,1.382,0.999,2400,2444.04249991972,2076.76225639842,0.82,0.18
sd_Turf_height__Intercept,1.834,1.001,9.167,1,2400,2085.11928756979,2130.55095206841,0,1
r_Turf_height[No,Intercept],1.05,0.008,3.996,1,2400,1864.57460484024,2249.87248225459,0.432,0.568
r_Turf_height[Low,Intercept],0.792,0.004,1.589,1,2400,2053.25901621158,2036.84064628577,0.735,0.265
r_Turf_height[Medium,Intercept],0.979,0.065,2.543,1,2400,2153.47724771596,2369.85210726155,0.536,0.464
r_Turf_height[High,Intercept],1.175,0.024,4.494,0.999,2400,2146.5988532379,2198.36610478605,0.32,0.68
prior_Intercept,2.353,0,191457255605573,1,2400,2487.22773144451,2241.38923975284,0.482,0.517
prior_b,2.131,0,8114.99,1.001,2400,2060.02382274115,2289.09008085305,0.439,0.561
prior_Intercept_zi,0.974,0,17.965,1.001,2400,2409.95148102957,2369.48512863093,0.507,0.493
prior_sd_Turf_height,10.465,1.002,21108.615,0.999,2400,2316.39708618146,2409.53983605083,0,1
lprior,0,0,0,1.001,2400,2112.11143873994,2106.43742515273,1,0
lp__,0,0,0,1.001,2400,2024.33956251802,2049.31470618218,1,0
