variable,median,lower,upper,rhat,length,ess_bulk,ess_tail,Pl,Pg
b_Intercept,0.443,0.015,1.278,1.002,2400,1945.8397297528,2000.67603299651,0.91,0.09
b_zi_Intercept,0.411,0,1.409,1.002,2400,2390.59679057284,2132.35730655942,0.865,0.135
b_scaleShannon_broad_cor,1.396,0.556,2.484,1,2400,2401.27041834002,2192.13058831288,0.156,0.844
b_scaleShannon_broad_alg,0.707,0.26,1.353,1,2400,2470.05525491398,2158.45082008657,0.828,0.172
sd_Turf_height__Intercept,1.682,1,8.758,1,2400,2007.50640739019,1881.77439706735,0,1
r_Turf_height[No,Intercept],0.981,0.016,2.695,1.003,2400,2251.71696391185,2221.54135095753,0.533,0.467
r_Turf_height[Low,Intercept],0.902,0.018,1.83,1.002,2400,1804.90792503834,1837.08403775866,0.637,0.363
r_Turf_height[Medium,Intercept],0.989,0.079,2.625,1.002,2400,2215.47957129969,1945.33061739491,0.525,0.475
r_Turf_height[High,Intercept],1.169,0.085,4.255,1,2400,2052.95350736666,2036.77401401147,0.302,0.698
prior_Intercept,0.993,0,52759944768.669,1,2400,2452.78688577946,2303.09601668638,0.5,0.5
prior_b,2.031,0,57072174.895,1.002,2400,2263.34325028726,2272.99475637901,0.475,0.525
prior_Intercept_zi,0.997,0,21.926,1.001,2400,2449.03789678394,2393.01344340552,0.502,0.498
prior_sd_Turf_height,9.147,1,13963.271,1,2400,2337.56289088385,2296.11862093535,0,1
lprior,0,0,0,1.002,2400,2322.87806357782,2166.51000620808,1,0
lp__,0,0,0,1,2400,2096.39221516704,2247.16593614779,1,0
